-1 -101 0
-11 -101 0
-11 -112 0
-101 -112 0
-21 -112 0
-21 -123 0
-112 -123 0
-31 -123 0
-31 -134 0
-123 -134 0
-41 -134 0
-41 -145 0
-134 -145 0
-51 -145 0
-51 -156 0
-145 -156 0
-61 -156 0
-61 -167 0
-156 -167 0
-71 -167 0
-71 -178 0
-167 -178 0
-81 -178 0
-81 -189 0
-178 -189 0
-91 -189 0
-1 -2 0
-1 -102 0
-2 -102 0
-11 -12 0
-11 -102 0
-11 -113 0
-12 -102 0
-12 -113 0
-102 -113 0
-21 -22 0
-21 -113 0
-21 -124 0
-22 -113 0
-22 -124 0
-113 -124 0
-31 -32 0
-31 -124 0
-31 -135 0
-32 -124 0
-32 -135 0
-124 -135 0
-41 -42 0
-41 -135 0
-41 -146 0
-42 -135 0
-42 -146 0
-135 -146 0
-51 -52 0
-51 -146 0
-51 -157 0
-52 -146 0
-52 -157 0
-146 -157 0
-61 -62 0
-61 -157 0
-61 -168 0
-62 -157 0
-62 -168 0
-157 -168 0
-71 -72 0
-71 -168 0
-71 -179 0
-72 -168 0
-72 -179 0
-168 -179 0
-81 -82 0
-81 -179 0
-81 -190 0
-82 -179 0
-82 -190 0
-179 -190 0
-91 -92 0
-91 -190 0
-92 -190 0
-2 -3 0
-2 -103 0
-3 -103 0
-12 -13 0
-12 -103 0
-12 -114 0
-13 -103 0
-13 -114 0
-103 -114 0
-22 -23 0
-22 -114 0
-22 -125 0
-23 -114 0
-23 -125 0
-114 -125 0
-32 -33 0
-32 -125 0
-32 -136 0
-33 -125 0
-33 -136 0
-125 -136 0
-42 -43 0
-42 -136 0
-42 -147 0
-43 -136 0
-43 -147 0
-136 -147 0
-52 -53 0
-52 -147 0
-52 -158 0
-53 -147 0
-53 -158 0
-147 -158 0
-62 -63 0
-62 -158 0
-62 -169 0
-63 -158 0
-63 -169 0
-158 -169 0
-72 -73 0
-72 -169 0
-72 -180 0
-73 -169 0
-73 -180 0
-169 -180 0
-82 -83 0
-82 -180 0
-82 -191 0
-83 -180 0
-83 -191 0
-180 -191 0
-92 -93 0
-92 -191 0
-93 -191 0
-3 -4 0
-3 -104 0
-4 -104 0
-13 -14 0
-13 -104 0
-13 -115 0
-14 -104 0
-14 -115 0
-104 -115 0
-23 -24 0
-23 -115 0
-23 -126 0
-24 -115 0
-24 -126 0
-115 -126 0
-33 -34 0
-33 -126 0
-33 -137 0
-34 -126 0
-34 -137 0
-126 -137 0
-43 -44 0
-43 -137 0
-43 -148 0
-44 -137 0
-44 -148 0
-137 -148 0
-53 -54 0
-53 -148 0
-53 -159 0
-54 -148 0
-54 -159 0
-148 -159 0
-63 -64 0
-63 -159 0
-63 -170 0
-64 -159 0
-64 -170 0
-159 -170 0
-73 -74 0
-73 -170 0
-73 -181 0
-74 -170 0
-74 -181 0
-170 -181 0
-83 -84 0
-83 -181 0
-83 -192 0
-84 -181 0
-84 -192 0
-181 -192 0
-93 -94 0
-93 -192 0
-94 -192 0
-4 -5 0
-4 -105 0
-5 -105 0
-14 -15 0
-14 -105 0
-14 -116 0
-15 -105 0
-15 -116 0
-105 -116 0
-24 -25 0
-24 -116 0
-24 -127 0
-25 -116 0
-25 -127 0
-116 -127 0
-34 -35 0
-34 -127 0
-34 -138 0
-35 -127 0
-35 -138 0
-127 -138 0
-44 -45 0
-44 -138 0
-44 -149 0
-45 -138 0
-45 -149 0
-138 -149 0
-54 -55 0
-54 -149 0
-54 -160 0
-55 -149 0
-55 -160 0
-149 -160 0
-64 -65 0
-64 -160 0
-64 -171 0
-65 -160 0
-65 -171 0
-160 -171 0
-74 -75 0
-74 -171 0
-74 -182 0
-75 -171 0
-75 -182 0
-171 -182 0
-84 -85 0
-84 -182 0
-84 -193 0
-85 -182 0
-85 -193 0
-182 -193 0
-94 -95 0
-94 -193 0
-95 -193 0
-5 -6 0
-5 -106 0
-6 -106 0
-15 -16 0
-15 -106 0
-15 -117 0
-16 -106 0
-16 -117 0
-106 -117 0
-25 -26 0
-25 -117 0
-25 -128 0
-26 -117 0
-26 -128 0
-117 -128 0
-35 -36 0
-35 -128 0
-35 -139 0
-36 -128 0
-36 -139 0
-128 -139 0
-45 -46 0
-45 -139 0
-45 -150 0
-46 -139 0
-46 -150 0
-139 -150 0
-55 -56 0
-55 -150 0
-55 -161 0
-56 -150 0
-56 -161 0
-150 -161 0
-65 -66 0
-65 -161 0
-65 -172 0
-66 -161 0
-66 -172 0
-161 -172 0
-75 -76 0
-75 -172 0
-75 -183 0
-76 -172 0
-76 -183 0
-172 -183 0
-85 -86 0
-85 -183 0
-85 -194 0
-86 -183 0
-86 -194 0
-183 -194 0
-95 -96 0
-95 -194 0
-96 -194 0
-6 -7 0
-6 -107 0
-7 -107 0
-16 -17 0
-16 -107 0
-16 -118 0
-17 -107 0
-17 -118 0
-107 -118 0
-26 -27 0
-26 -118 0
-26 -129 0
-27 -118 0
-27 -129 0
-118 -129 0
-36 -37 0
-36 -129 0
-36 -140 0
-37 -129 0
-37 -140 0
-129 -140 0
-46 -47 0
-46 -140 0
-46 -151 0
-47 -140 0
-47 -151 0
-140 -151 0
-56 -57 0
-56 -151 0
-56 -162 0
-57 -151 0
-57 -162 0
-151 -162 0
-66 -67 0
-66 -162 0
-66 -173 0
-67 -162 0
-67 -173 0
-162 -173 0
-76 -77 0
-76 -173 0
-76 -184 0
-77 -173 0
-77 -184 0
-173 -184 0
-86 -87 0
-86 -184 0
-86 -195 0
-87 -184 0
-87 -195 0
-184 -195 0
-96 -97 0
-96 -195 0
-97 -195 0
-7 -8 0
-7 -108 0
-8 -108 0
-17 -18 0
-17 -108 0
-17 -119 0
-18 -108 0
-18 -119 0
-108 -119 0
-27 -28 0
-27 -119 0
-27 -130 0
-28 -119 0
-28 -130 0
-119 -130 0
-37 -38 0
-37 -130 0
-37 -141 0
-38 -130 0
-38 -141 0
-130 -141 0
-47 -48 0
-47 -141 0
-47 -152 0
-48 -141 0
-48 -152 0
-141 -152 0
-57 -58 0
-57 -152 0
-57 -163 0
-58 -152 0
-58 -163 0
-152 -163 0
-67 -68 0
-67 -163 0
-67 -174 0
-68 -163 0
-68 -174 0
-163 -174 0
-77 -78 0
-77 -174 0
-77 -185 0
-78 -174 0
-78 -185 0
-174 -185 0
-87 -88 0
-87 -185 0
-87 -196 0
-88 -185 0
-88 -196 0
-185 -196 0
-97 -98 0
-97 -196 0
-98 -196 0
-8 -9 0
-8 -109 0
-9 -109 0
-18 -19 0
-18 -109 0
-18 -120 0
-19 -109 0
-19 -120 0
-109 -120 0
-28 -29 0
-28 -120 0
-28 -131 0
-29 -120 0
-29 -131 0
-120 -131 0
-38 -39 0
-38 -131 0
-38 -142 0
-39 -131 0
-39 -142 0
-131 -142 0
-48 -49 0
-48 -142 0
-48 -153 0
-49 -142 0
-49 -153 0
-142 -153 0
-58 -59 0
-58 -153 0
-58 -164 0
-59 -153 0
-59 -164 0
-153 -164 0
-68 -69 0
-68 -164 0
-68 -175 0
-69 -164 0
-69 -175 0
-164 -175 0
-78 -79 0
-78 -175 0
-78 -186 0
-79 -175 0
-79 -186 0
-175 -186 0
-88 -89 0
-88 -186 0
-88 -197 0
-89 -186 0
-89 -197 0
-186 -197 0
-98 -99 0
-98 -197 0
-99 -197 0
-9 -10 0
-9 -110 0
-10 -110 0
-19 -20 0
-19 -110 0
-19 -121 0
-20 -110 0
-20 -121 0
-110 -121 0
-29 -30 0
-29 -121 0
-29 -132 0
-30 -121 0
-30 -132 0
-121 -132 0
-39 -40 0
-39 -132 0
-39 -143 0
-40 -132 0
-40 -143 0
-132 -143 0
-49 -50 0
-49 -143 0
-49 -154 0
-50 -143 0
-50 -154 0
-143 -154 0
-59 -60 0
-59 -154 0
-59 -165 0
-60 -154 0
-60 -165 0
-154 -165 0
-69 -70 0
-69 -165 0
-69 -176 0
-70 -165 0
-70 -176 0
-165 -176 0
-79 -80 0
-79 -176 0
-79 -187 0
-80 -176 0
-80 -187 0
-176 -187 0
-89 -90 0
-89 -187 0
-89 -198 0
-90 -187 0
-90 -198 0
-187 -198 0
-99 -100 0
-99 -198 0
-100 -198 0
-10 -111 0
-20 -111 0
-20 -122 0
-111 -122 0
-30 -122 0
-30 -133 0
-122 -133 0
-40 -133 0
-40 -144 0
-133 -144 0
-50 -144 0
-50 -155 0
-144 -155 0
-60 -155 0
-60 -166 0
-155 -166 0
-70 -166 0
-70 -177 0
-166 -177 0
-80 -177 0
-80 -188 0
-177 -188 0
-90 -188 0
-90 -199 0
-188 -199 0
-100 -199 0
74 170 0
-74 -170 0
145 102 113 108 0
-145 -102 0
-145 -113 0
-145 -108 0
-102 -113 0
-102 -108 0
-113 -108 0
51 0
63 75 116 183 0
-63 -75 0
-63 -116 0
-63 -183 0
-75 -116 0
-75 -183 0
-116 -183 0
21 33 38 39 40 165 0
-21 -33 0
-21 -38 0
-21 -39 0
-21 -40 0
-21 -165 0
-33 -38 0
-33 -39 0
-33 -40 0
-33 -165 0
-38 -39 0
-38 -40 0
-38 -165 0
-39 -40 0
-39 -165 0
-40 -165 0
76 69 0
-76 -69 0
85 98 90 182 122 188 0
-85 -98 0
-85 -90 0
-85 -182 0
-85 -122 0
-85 -188 0
-98 -90 0
-98 -182 0
-98 -122 0
-98 -188 0
-90 -182 0
-90 -122 0
-90 -188 0
-182 -122 0
-182 -188 0
-122 -188 0
52 133 144 0
-52 -133 0
-52 -144 0
-133 -144 0
158 162 173 0
-158 -162 0
-158 -173 0
-162 -173 0
89 197 0
-89 -197 0
12 20 181 0
-12 -20 0
-12 -181 0
-20 -181 0
2 94 126 192 110 154 0
-2 -94 0
-2 -126 0
-2 -192 0
-2 -110 0
-2 -154 0
-94 -126 0
-94 -192 0
-94 -110 0
-94 -154 0
-126 -192 0
-126 -110 0
-126 -154 0
-192 -110 0
-192 -154 0
-110 -154 0
24 172 143 0
-24 -172 0
-24 -143 0
-172 -143 0
81 84 66 50 189 193 0
-81 -84 0
-81 -66 0
-81 -50 0
-81 -189 0
-81 -193 0
-84 -66 0
-84 -50 0
-84 -189 0
-84 -193 0
-66 -50 0
-66 -189 0
-66 -193 0
-50 -189 0
-50 -193 0
-189 -193 0
103 0
134 194 0
-134 -194 0
1 93 34 157 0
-1 -93 0
-1 -34 0
-1 -157 0
-93 -34 0
-93 -157 0
-34 -157 0
62 37 123 127 175 0
-62 -37 0
-62 -123 0
-62 -127 0
-62 -175 0
-37 -123 0
-37 -127 0
-37 -175 0
-123 -127 0
-123 -175 0
-127 -175 0
35 36 178 139 186 0
-35 -36 0
-35 -178 0
-35 -139 0
-35 -186 0
-36 -178 0
-36 -139 0
-36 -186 0
-178 -139 0
-178 -186 0
-139 -186 0
91 45 95 190 138 0
-91 -45 0
-91 -95 0
-91 -190 0
-91 -138 0
-45 -95 0
-45 -190 0
-45 -138 0
-95 -190 0
-95 -138 0
-190 -138 0
92 0
41 73 105 199 0
-41 -73 0
-41 -105 0
-41 -199 0
-73 -105 0
-73 -199 0
-105 -199 0
22 59 146 119 131 0
-22 -59 0
-22 -146 0
-22 -119 0
-22 -131 0
-59 -146 0
-59 -119 0
-59 -131 0
-146 -119 0
-146 -131 0
-119 -131 0
56 125 169 130 164 0
-56 -125 0
-56 -169 0
-56 -130 0
-56 -164 0
-125 -169 0
-125 -130 0
-125 -164 0
-169 -130 0
-169 -164 0
-130 -164 0
99 198 0
-99 -198 0
23 114 161 0
-23 -114 0
-23 -161 0
-114 -161 0
150 129 0
-150 -129 0
27 28 100 0
-27 -28 0
-27 -100 0
-28 -100 0
11 196 111 0
-11 -196 0
-11 -111 0
-196 -111 0
18 10 0
-18 -10 0
57 77 112 136 141 176 0
-57 -77 0
-57 -112 0
-57 -136 0
-57 -141 0
-57 -176 0
-77 -112 0
-77 -136 0
-77 -141 0
-77 -176 0
-112 -136 0
-112 -141 0
-112 -176 0
-136 -141 0
-136 -176 0
-141 -176 0
88 80 147 187 0
-88 -80 0
-88 -147 0
-88 -187 0
-80 -147 0
-80 -187 0
-147 -187 0
19 149 0
-19 -149 0
78 79 101 0
-78 -79 0
-78 -101 0
-79 -101 0
42 5 55 58 120 0
-42 -5 0
-42 -55 0
-42 -58 0
-42 -120 0
-5 -55 0
-5 -58 0
-5 -120 0
-55 -58 0
-55 -120 0
-58 -120 0
152 185 0
-152 -185 0
14 64 15 8 171 0
-14 -64 0
-14 -15 0
-14 -8 0
-14 -171 0
-64 -15 0
-64 -8 0
-64 -171 0
-15 -8 0
-15 -171 0
-8 -171 0
17 9 60 124 137 0
-17 -9 0
-17 -60 0
-17 -124 0
-17 -137 0
-9 -60 0
-9 -124 0
-9 -137 0
-60 -124 0
-60 -137 0
-124 -137 0
32 25 0
-32 -25 0
128 155 0
-128 -155 0
3 13 44 65 179 115 0
-3 -13 0
-3 -44 0
-3 -65 0
-3 -179 0
-3 -115 0
-13 -44 0
-13 -65 0
-13 -179 0
-13 -115 0
-44 -65 0
-44 -179 0
-44 -115 0
-65 -179 0
-65 -115 0
-179 -115 0
31 71 168 0
-31 -71 0
-31 -168 0
-71 -168 0
72 4 26 135 118 0
-72 -4 0
-72 -26 0
-72 -135 0
-72 -118 0
-4 -26 0
-4 -135 0
-4 -118 0
-26 -135 0
-26 -118 0
-135 -118 0
43 160 106 109 0
-43 -160 0
-43 -106 0
-43 -109 0
-160 -106 0
-160 -109 0
-106 -109 0
16 104 117 0
-16 -104 0
-16 -117 0
-104 -117 0
86 7 97 159 0
-86 -7 0
-86 -97 0
-86 -159 0
-7 -97 0
-7 -159 0
-97 -159 0
156 142 0
-156 -142 0
68 70 151 184 132 0
-68 -70 0
-68 -151 0
-68 -184 0
-68 -132 0
-70 -151 0
-70 -184 0
-70 -132 0
-151 -184 0
-151 -132 0
-184 -132 0
53 67 30 177 0
-53 -67 0
-53 -30 0
-53 -177 0
-67 -30 0
-67 -177 0
-30 -177 0
82 83 49 121 0
-82 -83 0
-82 -49 0
-82 -121 0
-83 -49 0
-83 -121 0
-49 -121 0
61 46 96 167 191 140 0
-61 -46 0
-61 -96 0
-61 -167 0
-61 -191 0
-61 -140 0
-46 -96 0
-46 -167 0
-46 -191 0
-46 -140 0
-96 -167 0
-96 -191 0
-96 -140 0
-167 -191 0
-167 -140 0
-191 -140 0
29 180 153 0
-29 -180 0
-29 -153 0
-180 -153 0
54 6 47 87 48 163 174 0
-54 -6 0
-54 -47 0
-54 -87 0
-54 -48 0
-54 -163 0
-54 -174 0
-6 -47 0
-6 -87 0
-6 -48 0
-6 -163 0
-6 -174 0
-47 -87 0
-47 -48 0
-47 -163 0
-47 -174 0
-87 -48 0
-87 -163 0
-87 -174 0
-48 -163 0
-48 -174 0
-163 -174 0
148 107 166 0
-148 -107 0
-148 -166 0
-107 -166 0
195 0
